0.000000000000000000e+00 3.976000000000000000e+03 1.018200000000000000e+04 1.099400000000000000e+04 9.926000000000000000e+03 2.230000000000000000e+03 4.898000000000000000e+03 9.511000000000000000e+03 7.588000000000000000e+03 1.045000000000000000e+03 2.225000000000000000e+03 1.987800000000000000e+04 1.063900000000000000e+04 2.701100000000000000e+04 6.140000000000000000e+02 7.703000000000000000e+03 2.170000000000000000e+02 2.911000000000000000e+04 1.151800000000000000e+04 2.016900000000000000e+04 3.026000000000000000e+03 3.190000000000000000e+03 3.080000000000000000e+03 1.298000000000000000e+03 4.598000000000000000e+03 9.400000000000000000e+02
3.976000000000000000e+03 0.000000000000000000e+00 3.280000000000000000e+02 2.180000000000000000e+02 4.174000000000000000e+03 5.600000000000000000e+01 9.100000000000000000e+01 7.700000000000000000e+01 4.272000000000000000e+03 6.200000000000000000e+01 5.600000000000000000e+01 1.760000000000000000e+03 6.990000000000000000e+02 3.360000000000000000e+02 4.323000000000000000e+03 1.420000000000000000e+02 4.000000000000000000e+00 1.912000000000000000e+03 3.840000000000000000e+02 3.890000000000000000e+02 3.807000000000000000e+03 9.500000000000000000e+01 2.900000000000000000e+01 4.300000000000000000e+01 2.454000000000000000e+03 1.800000000000000000e+01
1.018200000000000000e+04 3.280000000000000000e+02 0.000000000000000000e+00 4.420000000000000000e+02 1.534100000000000000e+04 1.760000000000000000e+02 9.300000000000000000e+01 6.953000000000000000e+03 9.764000000000000000e+03 1.500000000000000000e+01 6.160000000000000000e+03 3.382000000000000000e+03 5.850000000000000000e+02 9.209000000000000000e+03 1.542200000000000000e+04 2.440000000000000000e+02 1.390000000000000000e+02 4.453000000000000000e+03 2.535000000000000000e+03 5.603000000000000000e+03 2.622000000000000000e+03 1.530000000000000000e+02 3.500000000000000000e+01 6.750000000000000000e+02 5.660000000000000000e+02 1.600000000000000000e+01
1.099400000000000000e+04 2.180000000000000000e+02 4.420000000000000000e+02 0.000000000000000000e+00 1.952600000000000000e+04 2.480000000000000000e+02 4.200000000000000000e+02 1.650000000000000000e+02 8.523000000000000000e+03 8.200000000000000000e+01 8.700000000000000000e+01 3.673000000000000000e+03 3.410000000000000000e+02 7.529000000000000000e+03 5.147000000000000000e+03 3.520000000000000000e+02 3.900000000000000000e+01 2.288000000000000000e+03 1.953000000000000000e+03 6.630000000000000000e+02 1.689000000000000000e+03 3.250000000000000000e+02 2.150000000000000000e+02 1.000000000000000000e+02 4.790000000000000000e+02 2.600000000000000000e+01
9.926000000000000000e+03 4.174000000000000000e+03 1.534100000000000000e+04 1.952600000000000000e+04 0.000000000000000000e+00 2.940000000000000000e+03 8.205000000000000000e+03 1.172500000000000000e+04 4.744000000000000000e+03 6.220000000000000000e+02 5.669000000000000000e+03 1.293400000000000000e+04 1.071700000000000000e+04 2.148300000000000000e+04 1.116000000000000000e+03 8.367000000000000000e+03 4.300000000000000000e+02 4.410900000000000000e+04 2.807300000000000000e+04 2.264500000000000000e+04 2.494000000000000000e+03 9.903000000000000000e+03 7.205000000000000000e+03 4.109000000000000000e+03 2.583000000000000000e+03 5.470000000000000000e+02
2.230000000000000000e+03 5.600000000000000000e+01 1.760000000000000000e+02 2.480000000000000000e+02 2.940000000000000000e+03 0.000000000000000000e+00 5.600000000000000000e+01 7.200000000000000000e+01 4.844000000000000000e+03 1.100000000000000000e+01 5.000000000000000000e+01 1.002000000000000000e+03 8.600000000000000000e+01 4.980000000000000000e+02 1.456900000000000000e+04 9.500000000000000000e+01 5.000000000000000000e+00 2.880000000000000000e+03 3.360000000000000000e+02 1.758000000000000000e+03 8.070000000000000000e+02 8.300000000000000000e+01 6.900000000000000000e+01 3.600000000000000000e+01 2.540000000000000000e+02 2.000000000000000000e+00
4.898000000000000000e+03 9.100000000000000000e+01 9.300000000000000000e+01 4.200000000000000000e+02 8.205000000000000000e+03 5.600000000000000000e+01 0.000000000000000000e+00 2.404000000000000000e+03 6.572000000000000000e+03 2.100000000000000000e+01 1.400000000000000000e+01 5.240000000000000000e+02 1.830000000000000000e+02 1.583400000000000000e+04 2.528000000000000000e+03 5.850000000000000000e+02 1.000000000000000000e+00 7.039000000000000000e+03 2.841000000000000000e+03 7.680000000000000000e+02 1.352000000000000000e+03 8.700000000000000000e+01 5.200000000000000000e+01 2.700000000000000000e+01 1.117000000000000000e+03 7.700000000000000000e+01
9.511000000000000000e+03 7.700000000000000000e+01 6.953000000000000000e+03 1.650000000000000000e+02 1.172500000000000000e+04 7.200000000000000000e+01 2.404000000000000000e+03 0.000000000000000000e+00 5.680000000000000000e+03 2.100000000000000000e+01 9.900000000000000000e+01 1.990000000000000000e+02 1.790000000000000000e+02 1.063000000000000000e+03 5.436000000000000000e+03 9.850000000000000000e+02 1.800000000000000000e+01 5.820000000000000000e+02 6.127000000000000000e+03 1.485600000000000000e+04 6.840000000000000000e+02 3.300000000000000000e+01 1.668000000000000000e+03 5.000000000000000000e+01 2.870000000000000000e+02 2.900000000000000000e+01
7.588000000000000000e+03 4.272000000000000000e+03 9.764000000000000000e+03 8.523000000000000000e+03 4.744000000000000000e+03 4.844000000000000000e+03 6.572000000000000000e+03 5.680000000000000000e+03 0.000000000000000000e+00 3.410000000000000000e+02 1.854000000000000000e+03 1.500400000000000000e+04 7.051000000000000000e+03 4.089900000000000000e+04 1.222400000000000000e+04 2.988000000000000000e+03 7.500000000000000000e+01 1.071300000000000000e+04 1.640300000000000000e+04 2.424800000000000000e+04 1.537000000000000000e+03 5.622000000000000000e+03 3.667000000000000000e+03 4.900000000000000000e+02 3.780000000000000000e+02 6.090000000000000000e+02
1.045000000000000000e+03 6.200000000000000000e+01 1.500000000000000000e+01 8.200000000000000000e+01 6.220000000000000000e+02 1.100000000000000000e+01 2.100000000000000000e+01 2.100000000000000000e+01 3.410000000000000000e+02 0.000000000000000000e+00 3.000000000000000000e+00 1.300000000000000000e+01 3.300000000000000000e+01 1.950000000000000000e+02 1.610000000000000000e+03 4.800000000000000000e+01 1.000000000000000000e+00 5.500000000000000000e+01 9.800000000000000000e+01 9.300000000000000000e+01 1.682000000000000000e+03 1.700000000000000000e+01 1.600000000000000000e+01 3.100000000000000000e+01 2.500000000000000000e+01 3.000000000000000000e+00
2.225000000000000000e+03 5.600000000000000000e+01 6.160000000000000000e+03 8.700000000000000000e+01 5.669000000000000000e+03 5.000000000000000000e+01 1.400000000000000000e+01 9.900000000000000000e+01 1.854000000000000000e+03 3.000000000000000000e+00 0.000000000000000000e+00 6.870000000000000000e+02 2.510000000000000000e+02 1.567000000000000000e+03 1.623000000000000000e+03 8.100000000000000000e+01 0.000000000000000000e+00 2.283000000000000000e+03 3.194000000000000000e+03 1.640000000000000000e+02 2.070000000000000000e+02 8.000000000000000000e+00 1.760000000000000000e+02 8.000000000000000000e+00 1.910000000000000000e+02 1.800000000000000000e+01
1.987800000000000000e+04 1.760000000000000000e+03 3.382000000000000000e+03 3.673000000000000000e+03 1.293400000000000000e+04 1.002000000000000000e+03 5.240000000000000000e+02 1.990000000000000000e+02 1.500400000000000000e+04 1.300000000000000000e+01 6.870000000000000000e+02 0.000000000000000000e+00 4.400000000000000000e+02 8.960000000000000000e+02 1.119700000000000000e+04 2.637000000000000000e+03 3.900000000000000000e+01 1.347000000000000000e+03 2.548000000000000000e+03 2.874000000000000000e+03 5.546000000000000000e+03 1.250000000000000000e+02 1.780000000000000000e+02 8.900000000000000000e+01 5.251000000000000000e+03 5.900000000000000000e+01
1.063900000000000000e+04 6.990000000000000000e+02 5.850000000000000000e+02 3.410000000000000000e+02 1.071700000000000000e+04 8.600000000000000000e+01 1.830000000000000000e+02 1.790000000000000000e+02 7.051000000000000000e+03 3.300000000000000000e+01 2.510000000000000000e+02 4.400000000000000000e+02 0.000000000000000000e+00 2.520000000000000000e+02 1.050000000000000000e+04 2.393000000000000000e+03 4.000000000000000000e+00 2.123000000000000000e+03 1.147000000000000000e+03 1.451000000000000000e+03 3.199000000000000000e+03 2.400000000000000000e+01 7.900000000000000000e+01 8.300000000000000000e+01 6.830000000000000000e+02 3.100000000000000000e+01
2.701100000000000000e+04 3.360000000000000000e+02 9.209000000000000000e+03 7.529000000000000000e+03 2.148300000000000000e+04 4.980000000000000000e+02 1.583400000000000000e+04 1.063000000000000000e+03 4.089900000000000000e+04 1.950000000000000000e+02 1.567000000000000000e+03 8.960000000000000000e+02 2.520000000000000000e+02 0.000000000000000000e+00 2.493800000000000000e+04 1.770000000000000000e+02 2.400000000000000000e+01 4.198000000000000000e+03 5.600000000000000000e+03 1.077400000000000000e+04 5.778000000000000000e+03 2.039000000000000000e+03 1.208000000000000000e+03 8.500000000000000000e+01 1.585000000000000000e+03 2.250000000000000000e+02
6.140000000000000000e+02 4.323000000000000000e+03 1.542200000000000000e+04 5.147000000000000000e+03 1.116000000000000000e+03 1.456900000000000000e+04 2.528000000000000000e+03 5.436000000000000000e+03 1.222400000000000000e+04 1.610000000000000000e+03 1.623000000000000000e+03 1.119700000000000000e+04 1.050000000000000000e+04 2.493800000000000000e+04 0.000000000000000000e+00 8.735000000000000000e+03 3.400000000000000000e+01 2.780300000000000000e+04 7.493000000000000000e+03 1.973100000000000000e+04 9.223000000000000000e+03 3.341000000000000000e+03 5.969000000000000000e+03 2.600000000000000000e+02 2.253000000000000000e+03 3.590000000000000000e+02
7.703000000000000000e+03 1.420000000000000000e+02 2.440000000000000000e+02 3.520000000000000000e+02 8.367000000000000000e+03 9.500000000000000000e+01 5.850000000000000000e+02 9.850000000000000000e+02 2.988000000000000000e+03 4.800000000000000000e+01 8.100000000000000000e+01 2.637000000000000000e+03 2.393000000000000000e+03 1.770000000000000000e+02 8.735000000000000000e+03 0.000000000000000000e+00 5.000000000000000000e+00 7.233000000000000000e+03 3.796000000000000000e+03 3.275000000000000000e+03 5.630000000000000000e+03 1.120000000000000000e+02 6.800000000000000000e+01 2.756000000000000000e+03 1.052000000000000000e+03 8.000000000000000000e+00
2.170000000000000000e+02 4.000000000000000000e+00 1.390000000000000000e+02 3.900000000000000000e+01 4.300000000000000000e+02 5.000000000000000000e+00 1.000000000000000000e+00 1.800000000000000000e+01 7.500000000000000000e+01 1.000000000000000000e+00 0.000000000000000000e+00 3.900000000000000000e+01 4.000000000000000000e+00 2.400000000000000000e+01 3.400000000000000000e+01 5.000000000000000000e+00 0.000000000000000000e+00 5.700000000000000000e+01 1.180000000000000000e+02 6.500000000000000000e+01 2.076000000000000000e+03 0.000000000000000000e+00 7.000000000000000000e+00 1.000000000000000000e+00 1.100000000000000000e+01 2.000000000000000000e+00
2.911000000000000000e+04 1.912000000000000000e+03 4.453000000000000000e+03 2.288000000000000000e+03 4.410900000000000000e+04 2.880000000000000000e+03 7.039000000000000000e+03 5.820000000000000000e+02 1.071300000000000000e+04 5.500000000000000000e+01 2.283000000000000000e+03 1.347000000000000000e+03 2.123000000000000000e+03 4.198000000000000000e+03 2.780300000000000000e+04 7.233000000000000000e+03 5.700000000000000000e+01 0.000000000000000000e+00 4.525000000000000000e+03 1.553400000000000000e+04 6.144000000000000000e+03 8.270000000000000000e+02 4.910000000000000000e+02 7.000000000000000000e+01 2.274000000000000000e+03 5.000000000000000000e+01
1.151800000000000000e+04 3.840000000000000000e+02 2.535000000000000000e+03 1.953000000000000000e+03 2.807300000000000000e+04 3.360000000000000000e+02 2.841000000000000000e+03 6.127000000000000000e+03 1.640300000000000000e+04 9.800000000000000000e+01 3.194000000000000000e+03 2.548000000000000000e+03 1.147000000000000000e+03 5.600000000000000000e+03 7.493000000000000000e+03 3.796000000000000000e+03 1.180000000000000000e+02 4.525000000000000000e+03 0.000000000000000000e+00 2.736900000000000000e+04 8.286000000000000000e+03 4.430000000000000000e+02 1.393000000000000000e+03 1.310000000000000000e+02 3.889000000000000000e+03 3.000000000000000000e+01
2.016900000000000000e+04 3.890000000000000000e+02 5.603000000000000000e+03 6.630000000000000000e+02 2.264500000000000000e+04 1.758000000000000000e+03 7.680000000000000000e+02 1.485600000000000000e+04 2.424800000000000000e+04 9.300000000000000000e+01 1.640000000000000000e+02 2.874000000000000000e+03 1.451000000000000000e+03 1.077400000000000000e+04 1.973100000000000000e+04 3.275000000000000000e+03 6.500000000000000000e+01 1.553400000000000000e+04 2.736900000000000000e+04 0.000000000000000000e+00 6.716000000000000000e+03 1.400000000000000000e+02 9.650000000000000000e+02 5.450000000000000000e+02 2.281000000000000000e+03 1.000000000000000000e+02
3.026000000000000000e+03 3.807000000000000000e+03 2.622000000000000000e+03 1.689000000000000000e+03 2.494000000000000000e+03 8.070000000000000000e+02 1.352000000000000000e+03 6.840000000000000000e+02 1.537000000000000000e+03 1.682000000000000000e+03 2.070000000000000000e+02 5.546000000000000000e+03 3.199000000000000000e+03 5.778000000000000000e+03 9.223000000000000000e+03 5.630000000000000000e+03 2.076000000000000000e+03 6.144000000000000000e+03 8.286000000000000000e+03 6.716000000000000000e+03 0.000000000000000000e+00 7.100000000000000000e+01 1.500000000000000000e+01 2.200000000000000000e+01 1.456000000000000000e+03 2.100000000000000000e+02
3.190000000000000000e+03 9.500000000000000000e+01 1.530000000000000000e+02 3.250000000000000000e+02 9.903000000000000000e+03 8.300000000000000000e+01 8.700000000000000000e+01 3.300000000000000000e+01 5.622000000000000000e+03 1.700000000000000000e+01 8.000000000000000000e+00 1.250000000000000000e+02 2.400000000000000000e+01 2.039000000000000000e+03 3.341000000000000000e+03 1.120000000000000000e+02 0.000000000000000000e+00 8.270000000000000000e+02 4.430000000000000000e+02 1.400000000000000000e+02 7.100000000000000000e+01 0.000000000000000000e+00 1.800000000000000000e+01 1.100000000000000000e+01 1.390000000000000000e+02 4.000000000000000000e+00
3.080000000000000000e+03 2.900000000000000000e+01 3.500000000000000000e+01 2.150000000000000000e+02 7.205000000000000000e+03 6.900000000000000000e+01 5.200000000000000000e+01 1.668000000000000000e+03 3.667000000000000000e+03 1.600000000000000000e+01 1.760000000000000000e+02 1.780000000000000000e+02 7.900000000000000000e+01 1.208000000000000000e+03 5.969000000000000000e+03 6.800000000000000000e+01 7.000000000000000000e+00 4.910000000000000000e+02 1.393000000000000000e+03 9.650000000000000000e+02 1.500000000000000000e+01 1.800000000000000000e+01 0.000000000000000000e+00 1.000000000000000000e+00 1.500000000000000000e+02 2.000000000000000000e+00
1.298000000000000000e+03 4.300000000000000000e+01 6.750000000000000000e+02 1.000000000000000000e+02 4.109000000000000000e+03 3.600000000000000000e+01 2.700000000000000000e+01 5.000000000000000000e+01 4.900000000000000000e+02 3.100000000000000000e+01 8.000000000000000000e+00 8.900000000000000000e+01 8.300000000000000000e+01 8.500000000000000000e+01 2.600000000000000000e+02 2.756000000000000000e+03 1.000000000000000000e+00 7.000000000000000000e+01 1.310000000000000000e+02 5.450000000000000000e+02 2.200000000000000000e+01 1.100000000000000000e+01 1.000000000000000000e+00 0.000000000000000000e+00 4.800000000000000000e+01 1.000000000000000000e+00
4.598000000000000000e+03 2.454000000000000000e+03 5.660000000000000000e+02 4.790000000000000000e+02 2.583000000000000000e+03 2.540000000000000000e+02 1.117000000000000000e+03 2.870000000000000000e+02 3.780000000000000000e+02 2.500000000000000000e+01 1.910000000000000000e+02 5.251000000000000000e+03 6.830000000000000000e+02 1.585000000000000000e+03 2.253000000000000000e+03 1.052000000000000000e+03 1.100000000000000000e+01 2.274000000000000000e+03 3.889000000000000000e+03 2.281000000000000000e+03 1.456000000000000000e+03 1.390000000000000000e+02 1.500000000000000000e+02 4.800000000000000000e+01 0.000000000000000000e+00 4.400000000000000000e+01
9.400000000000000000e+02 1.800000000000000000e+01 1.600000000000000000e+01 2.600000000000000000e+01 5.470000000000000000e+02 2.000000000000000000e+00 7.700000000000000000e+01 2.900000000000000000e+01 6.090000000000000000e+02 3.000000000000000000e+00 1.800000000000000000e+01 5.900000000000000000e+01 3.100000000000000000e+01 2.250000000000000000e+02 3.590000000000000000e+02 8.000000000000000000e+00 2.000000000000000000e+00 5.000000000000000000e+01 3.000000000000000000e+01 1.000000000000000000e+02 2.100000000000000000e+02 4.000000000000000000e+00 2.000000000000000000e+00 1.000000000000000000e+00 4.400000000000000000e+01 0.000000000000000000e+00
